              precision    recall  f1-score   support

         3.0       0.00      0.00      0.00         9
         4.0       0.22      0.20      0.21        69
         5.0       0.59      0.62      0.60       613
         6.0       0.61      0.62      0.61       894
         7.0       0.53      0.49      0.51       315
         8.0       0.27      0.24      0.26        49
         9.0       0.00      0.00      0.00         1

    accuracy                           0.57      1950
   macro avg       0.32      0.31      0.31      1950
weighted avg       0.56      0.57      0.57      1950
