              precision    recall  f1-score   support

         3.0       0.00      0.00      0.00         9
         4.0       0.20      0.13      0.16        69
         5.0       0.59      0.62      0.60       613
         6.0       0.60      0.62      0.61       894
         7.0       0.46      0.45      0.46       315
         8.0       0.29      0.14      0.19        49
         9.0       0.00      0.00      0.00         1

    accuracy                           0.56      1950
   macro avg       0.31      0.28      0.29      1950
weighted avg       0.55      0.56      0.55      1950
