              precision    recall  f1-score   support

         3.0       0.00      0.00      0.00         9
         4.0       0.40      0.03      0.05        69
         5.0       0.54      0.60      0.57       613
         6.0       0.54      0.67      0.60       894
         7.0       0.49      0.23      0.31       315
         8.0       0.00      0.00      0.00        49
         9.0       0.00      0.00      0.00         1

    accuracy                           0.53      1950
   macro avg       0.28      0.22      0.22      1950
weighted avg       0.51      0.53      0.50      1950
